    unsorted:	 171.3472991 171.3472991 171.3089508 171.3099990 171.3544964 233.6978511 232.9262568 236.1390821 241.8011586 242.7566593 239.6004330 246.4011183 228.7653584 251.1644448 252.8315577 254.7254244 225.5015682 218.4546343 220.2802663 215.7373199 260.3963578 265.8806770 268.9032160 271.7500673 282.3533239 288.7817980 292.2741160 169.8742429 188.3702963 310.4560501 320.4817727 354.6446399 365.9025425 448.0032778 490.1979411 543.7317981 576.2509827 602.4070007 640.2424379 662.8920450 678.3586123 695.8476743 748.5819264 807.4331834 848.2046219 859.2252106 986.6467986 1006.949178 1110.224486 1162.709662 1236.520914 1291.243878 1377.067201 1424.480079 1538.601136 1828.709348 1958.872800 2172.033011 2464.503388 2717.149888 2936.000276 3407.828948 3413.136963 5564.626262 6395.479090 13242.95354 16666.40405 20538.85694 21962.01427 40248.64521 73939.10366 186785.4387 232098.8947 259116.7733 290975.5182 441902.1268 6489062.310 10848845.73
      sorted:	 169.8742429 171.3089508 171.3099990 171.3472991 171.3472991 171.3544964 188.3702963 215.7373199 218.4546343 220.2802663 225.5015682 228.7653584 232.9262568 233.6978511 236.1390821 239.6004330 241.8011586 242.7566593 246.4011183 251.1644448 252.8315577 254.7254244 260.3963578 265.8806770 268.9032160 271.7500673 282.3533239 288.7817980 292.2741160 310.4560501 320.4817727 354.6446399 365.9025425 448.0032778 490.1979411 543.7317981 576.2509827 602.4070007 640.2424379 662.8920450 678.3586123 695.8476743 748.5819264 807.4331834 848.2046219 859.2252106 986.6467986 1006.949178 1110.224486 1162.709662 1236.520914 1291.243878 1377.067201 1424.480079 1538.601136 1828.709348 1958.872800 2172.033011 2464.503388 2717.149888 2936.000276 3407.828948 3413.136963 5564.626262 6395.479090 13242.95354 16666.40405 20538.85694 21962.01427 40248.64521 73939.10366 186785.4387 232098.8947 259116.7733 290975.5182 441902.1268 6489062.310 10848845.73
